134
50 3 3
50 1 49
3 50 0
3 50 1
50 50 2498
50 50 2452
50 2 4
3 50 5
50 3 45
50 50 49
4 4 13
2 50 46
5 5 23
50 50 2491
50 2 44
4 7 3
1 50 47
50 2 49
50 50 3
50 3 47
1 50 3
1 50 0
1 50 49
4 4 5
3 3 3
1 50 1
3 50 44
50 50 252
3 50 43
50 3 48
50 3 42
50 50 51
50 50 52
4 4 1
3 50 49
4 4 11
4 4 9
50 50 2493
3 50 3
50 50 2494
50 50 2399
2 2 1
50 2 42
50 3 4
1 50 2
4 4 2
3 3 5
50 50 2490
50 3 49
2 50 47
2 50 48
50 50 2451
3 3 1
50 2 5
3 50 48
3 3 8
50 2 48
2 50 45
3 1 1
50 50 2499
3 3 6
1 50 48
4 4 6
50 2 2
50 3 1
4 4 8
50 1 48
4 4 12
50 2 3
50 50 2450
3 50 47
50 50 251
4 4 3
50 1 47
2 50 2
4 4 14
3 3 0
2 50 1
50 50 2400
2 50 49
50 3 0
50 50 2398
2 50 42
4 4 10
3 50 42
2 50 0
50 2 46
3 50 46
3 3 7
50 1 1
10 10 82
50 50 250
50 50 2
50 3 5
50 3 2
4 4 7
50 2 47
50 50 2449
50 2 1
50 2 45
50 2 43
50 1 3
2 50 5
4 4 15
50 50 249
3 50 45
2 50 4
3 50 2
50 50 2448
50 50 2402
4 4 0
4 4 4
50 50 2496
3 50 4
50 50 50
50 50 2495
50 50 2401
50 50 2497
2 50 44
50 50 2492
2 50 43
50 2 0
50 1 0
3 3 2
50 50 48
50 50 0
50 3 46
50 50 1
50 3 44
50 3 43
3 3 4
50 50 248
2 50 3
50 1 2
