4
3 2
01 11 10
11 00 10
2 3
101 111
010 001
2 2
01 10
10 01
20 40
0101010101010101010101010101010101010101 0101010101010101010101010101010101010101 0101010101010101010101010101010101010101 0101010101010101010101010101010101010101 0101010101010101010101010101010101010101 0101010101010101010101010101010101010101 0101010101010101010101010101010101010101 0101010101010101010101010101010101010101 0101010101010101010101010101010101010101 0101010101010101010101010101010101010101 0101010101010101010101010101010101010101 0101010101010101010101010101010101010101 0101010101010101010101010101010101010101 0101010101010101010101010101010101010101 0101010101010101010101010101010101010101 0101010101010101010101010101010101010101 0101010101010101010101010101010101010101 0101010101010101010101010101010101010101 0101010101010101010101010101010101010101 0101010101010101010101010101010101010101
1010101010101010101010101010101010101010 1010101010101010101010101010101010101010 1010101010101010101010101010101010101010 1010101010101010101010101010101010101010 1010101010101010101010101010101010101010 1010101010101010101010101010101010101010 1010101010101010101010101010101010101010 1010101010101010101010101010101010101010 1010101010101010101010101010101010101010 1010101010101010101010101010101010101010 1010101010101010101010101010101010101010 1010101010101010101010101010101010101010 1010101010101010101010101010101010101010 1010101010101010101010101010101010101010 1010101010101010101010101010101010101010 1010101010101010101010101010101010101010 1010101010101010101010101010101010101010 1010101010101010101010101010101010101010 1010101010101010101010101010101010101010 1010101010101010101010101010101010101010
